1,12,13,17,20,22,23,24,33,35,42,45,48,50,52,58,64,66,74,75,77,81,85,96,98,101,102,110,111,118,121,124,125,129,131,146,151,153,154,158,161,165,166,167,175
3,10,13,20,25,33,37,41,44,61,63,67,68,72,88
1,9,11,19,21,23,27
1,5,10,11,12,16,19,20
1,6,7,11,14,18,21,24,28,29,34,35,41,44,46,48,51
2,9,13,15,22,23,35,37,47,48,56,61,63,67,70,74,75
2,7,9,10,15,23,24,26,29,34,36,37,38,47,52,53,55,58,59,64,69,71,74,77,81,82
1,11,13,21,24,31,37,43,51,54,57,58,60,65,67,68,74,78,86,102,104,106,109,114,121,125,131,140
4,11,13,15,16,23,37,40,44,46,49,50,53,55,67,72
2,5,7,11,14,15
2,4,5,8,9,14,18,19,26,31,34,35,38,43,46,52,54,63,68,74,75,80,82,84,91,101,102,105,112,114,117,123,124,127,128,135,139,141,144,147,148,151,157,158,159,164,168,169
3,4,14,15,16,27,32
1,14,15,17,18,20,25,29,33,35,38,39,50,55,58,62,65,66,68
2,7,18,19,31,44,55,62,70,75
3,4,13,19,26,28,29,35,36,43,47,51,59,61,65,67,71,76,81,86,88,90,100,109,110
2,9,11,13,17,20,29,31,32,34,40,50,54,55,57,59,63,66
1,7,11,24,28,30,35,42,43,51,55,57
1,5,7,9,16,17,22,29,31,35,39,41,42,44,46,51,58,60,62,65,66
2,9,12,17,23,24,26,27,36,40,43,44,45,47,49,65,70,71,75,76,77,80,86,91,92,94,96,98,107,109,118,121
6,11,16,24,33,41,50
1,4,11,12,14
4,6,13,18,19,21,32,37,43,48,50,53,59,65,66,72
1,5,6,10,13,14,20,26,34,36,37,40,49,53,56,65,69,72,75,80,90,93,99,101,106,108,115,116,119,123,128,129,134
6,8,9,22,23,26,29,33,38,46,50,55,61,62,68,72,75,80,81,83,85,93,97,107
2,9,13,15,34,36,40,45,50,53,59,65,74,78,88,91,94
3,8,13,14,20,23
1,10,12,13,18,25,28,30,31,36,44,51,53,57,67,71,72,73,76,78,83,86,87,88,90,95,97,107,114,115,120,123,127,131,134
1,6,8,12,15,21,26,28,29,30,38,39,40,47,51,56,57,62,64,65,70,73,75,77,85,88,93,94,95,103,108,109,110,111,112
3,7,13,14,24,28,31,32,34,36,39,51,52,56,57,61,64,73,80,83,90,95,101,104,105,111,114,118,119
5,7,9,16,19,23
5,10,14,18,27,30,32,33,37
2,6,11,13,16,18,22,23
2,8,15,18,25,31,35,46
2,6,12
6,16,18,21
3,4,7,11,12,24,25,27,30,33,39,41,45,47,48,53,54,59,66,67
10,11,20
2,6,10,11,22,26,29,32,35,41,43,44,49,54,55
1,6,8,16,17,19,26,31,51,55,58,59,71,79,96,104,116,126,128,145,147
1,4,9,10,15,29,30,34,35,39,43,45,48,51,52,58,63,65,68,69,71
1,11,13,14,16,17,21,22,28,29,30,41,43,44,51,55,58,59
1,8,9,10,11,19,21,23,24,29,37,39,40,42,44,45,60,61,73,74,80,86,88,89,90,103,104,106,108,111,113,117,124,126,128,131
2,8,12,21,24
2,8,9,10,14,21,23,28
4,11,16
1,6,7,8,9,15,21,24,25,27,29,52,55,57,59,61,63,69,74,81,84,85,86,88,90,95,98,100,103,104,107,109,113,120,125,126,129,131,137,138
5,8,10,13,49,60,73,75,100,105,107,124,125,127,136,143,154,156
2,5,8,11,13,16,21,23,27
5,8,11,15,21,24,33,34,38,40,46,47,56,58,66,69,70,76,78,85,88,90,91,93,96,99,110,114,116,117,120,123,125,133,134,135,137,144,146,152,154,158,162,163,165,168,173,176,186,187,191,196,197,204,210,213,220,223,226,230,231,236
4,12,26,38,45,49,65,70,85,88,91
3,4,10,19,27,29,32,39,45,47,48,50,57,67,73,85,88,92,94,105,108,120,127,128,131,133,136,146,152,154,159,161,166
2,13,19,24,28,36,46
3,6,9,12,16
1,6,16,37,40,47,56
3,5,21,28,30,49,53,63,65,67,68,77,96
2,5,18,37,40,46
1,5,15,19,34,35,45,48,56
3,6,15,19,22,24,27,35,38,41,45,50,59,60,63,65,66,78,81,84,87,93,95,98,101
2,3,7,11,13,17,19,21,28,29,31,42,52,57,59,64,66,67,76,77,85,90,91,94,95,99,100,107,112,116,118,120,125,127,134,136,137,145,147,148,149,151,157
2,5,9,15,16,17,25,26,44,47,54,56,61
4,10,13,32,34,35,57,66,69,72,82,84
1,10,11,15,19,20,24,28
3,12,20,28,33,46
4,6,10,14,28,33,38,43,44,47,48,53,56,60,63,68,69,78,81,88,90,91,94,101,104,110,112,115,116,121
3,4,5,14,18,19,21,23,26,27
1,5,7,12,13,15,25,28,30,31,36,41,44,48,56,57,58,64,65,68
3,4,16,20,24,29,31,37,38,42,48,56,58,60,63,64,67,74,75,78,79,80,81,86,94,97,102,103,104,106,110,113,120,122,126,128,129
2,6,10,14,15,21,23,28,29,31,32,34,39,46,48,52,58,69,70,72,73,77,79,82,83,87,93,98,103
5,8,11,13,14,23,24,26,28
6,8,12,21,33,34,35,44,47,56,58,63,65,75,77,80,83,86,95,96,101,106
4,5,13,14,15,18,23,24,31,35,38,39,41,46,53,59,66,68,70,72,77,82,89,91,93,103,105,107,113,114,116,117,126,127,128,131,134,140,141,146
2,7,8,13,15,17,27,30,31,32,35,37,42,54,64,67,71,73,75,79,82,83,87,91,95,98,99,102,104,106,107,110,111,113,118,119,120,126,129,132
7,15,23,26,30,34,43,49,50,69,75,81,89,90,107,108,113,123,129,133
11,12,13,15,21,23,32,33,38,47,50
1,8,13,16,20,22,28,34,51,56,61,66,78,81,83,88,103
1,5,13,18,21,23,31,33,36,38,49,52,61,65,71,75,76,80,93,95,99,107,114,115,127,128,131,134,142,151,156,167,172,174,176,180,182,183,189,209,215,216,218,220,223,226,230,242,246,249,250,256,258,268
2,9,10,12,18,22,23
13,15,21,28,34,36,38,58,61,67,72,84,90,102
2,12,22,24,26,31,33,34,41,45,46
1,8,10,12,13,18
7,11,15
4,5,12,21,22,26,31,32,34,40,41,44,52,53
6,8,21,23,25,35,43,47,53
2,5,8,10,13,14,20,21,26
3,5,8,12,15,20,22,24,35,36,43
3,5,6,13,17,19,21,26,31,32,33,36,40,41,44,49,51,54,55,61,64,67,69,71,72,77,79,89,92,93,94,101,103,110,112,114,117,120,122,123,124,127,130,132,138,142,143,145,154,156,158,161,165,171,176,178
2,5,6,10,11,25,26,28,32,35,36,42,43,48,49
1,7,11,12,22,26,27,30,32,34,42
6,9,22,25,29,53,55,60,65,76,79,86,95,97,102,112,120,121
4,11,12,16
2,6,9,18,23,28,30,36,44,48,53,59,69,74,77,83,89,93,95,98,110,116,123,128,129,132,139,140,141,153,168,171,181,184,195
3,10,13,17,24,25,28,32,33,35,44,45,50,51,57,60,62,68,71,72,73,76,78,80,82,86,89,93,97,99,101,106,108,111,120,121,124,126
5,8,12,17,22,28,32,39,44,47,49,64,71,75,80
5,10,13,18,20,22,25
1,8,9,11,18,20,21,28,35,38,49,51,53,56,57,61,72,85,87,88,90,94,102,103,104
1,5,7,14,21,27,45,47,51,56,67,70,80,83,85,89
2,7,9,12,22,27,32,33,38,48,51,54,55,70,72,84
1,6,10,12,14,21,23,26,28
1,8,19,23,34,47,56,58,69,81,90,95,104,110
1,3,7,9,10,14,18,20,27,29,31,33,40,44,46,47,48,58,59,60,65,72,76,86,87,88,92,98,100,101,106,118,119,120,122,123,125,132,135,136,140,145,152,153,154,157,159,161,162,163,165,168,170
